9.953843758093614578e+09 1.893999999999999850e-01
9.918604223664665222e+09 1.515042753467299996e-01
9.899143285438770294e+09 8.177823442289133826e-02
9.878520053649335861e+09 4.793689962142629046e-02
9.856817189094007492e+09 2.992677043886024166e-02
9.834102398935638428e+09 1.963495408493620697e-02
9.224535550882074356e+09 1.515042753467299918e-03
8.844959878530845642e+09 4.793689962142628656e-04
7.988552717641915321e+09 3.787606883668249796e-04
7.521505009807878494e+09 2.044455860572282849e-04
7.032966050946690559e+09 1.198422490535657164e-04
6.526105884036355019e+09 7.481692609715060957e-05
6.003120011626727104e+09 4.908738521234051364e-05
1.418322748992240131e+08 3.067961575771282103e-06
3.000000000000000000e+07 3.000000000000000076e-06
2.000000000000000000e+09 2.000000000000000042e-03
1.000000000000000000e+10 1.894000020000000117e-01
