9.966429142587193604e+11 4.410000000000000142e+01
9.938931808556251221e+11 2.424068405547679994e+00
9.907687516187227783e+11 7.669903939428206474e-01
9.873632634831053467e+11 3.141592653589793116e-01
9.837208447329328613e+11 1.515042753467299996e-01
9.798286570877542725e+11 8.177823442289133826e-02
9.757040107298670654e+11 4.793689962142629046e-02
9.713634378188015137e+11 2.992677043886024166e-02
9.668204797871275635e+11 1.963495408493620697e-02
8.449071101764146729e+11 1.515042753467299918e-03
7.689919757061689453e+11 4.793689962142628656e-04
5.977105435283831787e+11 3.787606883668249796e-04
5.043010019615758057e+11 2.044455860572282849e-04
4.065932101893381348e+11 1.198422490535657164e-04
3.052211768072708740e+11 7.481692609715060957e-05
2.006240023253453979e+11 4.908738521234051364e-05
1.000000000000000000e+10 4.899999999999999842e-05
6.000000000000000000e+09 4.899999999999999842e-05
6.526105884036355019e+09 7.481692609715060957e-05
7.032966050946690559e+09 1.198422490535657164e-04
7.521505009807878494e+09 2.044455860572282849e-04
7.988552717641915321e+09 3.787606883668249796e-04
8.844959878530845642e+09 4.793689962142628656e-04
9.224535550882074356e+09 1.515042753467299918e-03
9.834102398935638428e+09 1.963495408493620697e-02
9.856817189094007492e+09 2.992677043886024166e-02
9.878520053649335861e+09 4.793689962142629046e-02
9.899143285438770294e+09 8.177823442289133826e-02
9.918604223664665222e+09 1.515042753467299996e-01
1.000000000000000000e+10 1.893999999999999850e-01
1.000000000000000000e+12 4.400000000000000000e+01
