8.000000000000000000e+10 8.000000000000000167e-08
7.000000000000000000e+14 7.000000000000000146e-03
1.000000000000000000e+18 1.400000000000000000e+02
2.000000000000000000e+20 5.400000000000000000e+04
4.000000000000000000e+21 1.000000000000000000e+06
4.800000000000000000e+22 1.200000000000000000e+07
4.800000000000000000e+22 1.400000000000000000e+02
7.000000000000000000e+21 7.000000000000000146e-03
8.000000000000000000e+20 8.000000000000000167e-08
8.010000000000000000e+10 8.000000000000000167e-08
